[gd_scene load_steps=11 format=3 uid="uid://clmkaaqhh6fes"]

[ext_resource type="Texture2D" uid="uid://c2d457ftuavca" path="res://icon.svg" id="1_eblid"]
[ext_resource type="PackedScene" uid="uid://cc83u4jeon8cv" path="res://scenes/Player.tscn" id="1_m5p46"]
[ext_resource type="Script" path="res://scripts/mov.gd" id="2_33y0t"]
[ext_resource type="Script" path="res://scripts/luzmuda.gd" id="3_oa4x0"]
[ext_resource type="Script" path="res://addons/zylann.hterrain/hterrain.gd" id="4_ql21x"]
[ext_resource type="Resource" path="res://data.hterrain" id="5_i1oot"]
[ext_resource type="Script" path="res://addons/zylann.hterrain/hterrain_texture_set.gd" id="6_5tllw"]
[ext_resource type="Texture2D" uid="uid://cac7en41v4gno" path="res://scenes/1_slot0_albedo_bump.png" id="7_bm0b5"]
[ext_resource type="Texture2D" uid="uid://doj4wun0oiru8" path="res://scenes/1_slot0_normal_roughness.png" id="8_lb6pl"]

[sub_resource type="Resource" id="Resource_xiyxf"]
script = ExtResource("6_5tllw")
mode = 0
textures = [[ExtResource("7_bm0b5")], [ExtResource("8_lb6pl")]]

[node name="Node3D" type="Node3D"]

[node name="CharacterBody3D" parent="." instance=ExtResource("1_m5p46")]
transform = Transform3D(-0.623552, 0, -0.781782, 0, 1, 0, 0.781782, 0, -0.623552, 33.9766, -9.48527, 155.851)

[node name="Sprite3D" type="Sprite3D" parent="."]

[node name="Sprite3D2" type="Sprite3D" parent="."]
transform = Transform3D(0.553653, 0, 0.832747, 0, 1, 0, -0.832747, 0, 0.553653, -61.4952, 5.38471, 14.7175)
shaded = true
texture = ExtResource("1_eblid")
script = ExtResource("2_33y0t")

[node name="CameraPivot" type="Marker3D" parent="."]
transform = Transform3D(-0.164228, -0.172968, 0.971139, -0.00484114, 0.984636, 0.174553, -0.98641, 0.0239652, -0.162543, 47.179, -8.404, 158.112)

[node name="Camera3D" type="Camera3D" parent="CameraPivot"]
transform = Transform3D(1, 0, 0, 0, 1, 0, 0, 0, 1, -0.000480652, 0.160004, -4.01801)
fov = 63.1416

[node name="DirectionalLight3D" type="DirectionalLight3D" parent="."]
transform = Transform3D(0.997311, 0.0732904, -1.28454e-08, -0.0283151, 0.385302, 0.922356, 0.0675999, -0.919876, 0.386341, -2.27304, 74.7245, 4.7713)
light_color = Color(0.678431, 0.996078, 0.94902, 1)

[node name="SpotLight3D" type="SpotLight3D" parent="."]
transform = Transform3D(0.997311, 0.0732904, -1.85764e-09, -0.0688143, 0.936401, 0.344119, 0.0252206, -0.343193, 0.938926, 0.664758, 0.865241, 1.9598)
light_color = Color(0.215686, 0.745098, 0.717647, 1)
light_energy = 2.496
light_size = 0.283
shadow_enabled = true
spot_range = 5.99778
spot_angle = 25.5539
script = ExtResource("3_oa4x0")

[node name="HTerrain" type="Node3D" parent="."]
script = ExtResource("4_ql21x")
map_scale = Vector3(5, 5, 5)
_terrain_data = ExtResource("5_i1oot")
chunk_size = 64
collision_enabled = true
collision_layer = 4
collision_mask = 0
shader_type = "MultiSplat16"
custom_shader = null
custom_globalmap_shader = null
texture_set = SubResource("Resource_xiyxf")
render_layers = 1
cast_shadow = 1
shader_params/u_ground_uv_scale = 20
shader_params/u_depth_blending = true
shader_params/u_globalmap_blend_start = null
shader_params/u_globalmap_blend_distance = null
shader_params/u_tile_reduction = null
